# Camera list with one line of data per camera:
#   CAMERA_ID, MODEL, WIDTH, HEIGHT, PARAMS[]
# Number of cameras: 11
11 SIMPLE_RADIAL 3072 2048 2749.287088804947 1536 1024 -0.0040310342184693019
10 SIMPLE_RADIAL 3072 2048 2750.9985078707091 1536 1024 -0.002609709774970229
9 SIMPLE_RADIAL 3072 2048 2752.6389531306982 1536 1024 -0.001802281197536784
8 SIMPLE_RADIAL 3072 2048 2754.7073304650698 1536 1024 -0.0010577785901983194
7 SIMPLE_RADIAL 3072 2048 2757.9494172856416 1536 1024 -0.00048436343048167279
6 SIMPLE_RADIAL 3072 2048 2760.2453925882478 1536 1024 -0.00040554541721423158
5 SIMPLE_RADIAL 3072 2048 2766.4728994056791 1536 1024 -0.0006849837082694829
4 SIMPLE_RADIAL 3072 2048 2771.327812105053 1536 1024 -0.0013220762552871061
3 SIMPLE_RADIAL 3072 2048 2772.0526913658141 1536 1024 -0.0014844626195519707
2 SIMPLE_RADIAL 3072 2048 2776.6850713241797 1536 1024 -0.0023275213399378161
1 SIMPLE_RADIAL 3072 2048 2778.7099122260629 1536 1024 -0.0037108122400719371
